 ***************************************
 PARAMETERS
 ***************************************
 1  C= 0.00000000
 2  C= 0.00000000
 3  C= 10.0000000
 4  C= 9.80599976
 5  C= 2500000.00
 6  C= 1004.50000
 7  C= 0.607999980
 8  C= 0.172413796
 9  C= 5.51724152E-05
 10  C= 1.16000700
 11  C= 2000.00000
 12  C= 2000.00000
 13  C= 500.000000
 14  C= 100.000000
 15  C= 15000.0000
 16  C= 0.00000000
 17  C= 0.00000000
 18  C= 0.400000006
 19  C= 120.000000
 20  C= 0.00000000
 21  C= 99470.0000
 22  C= 0.998482645
 23  C= 3.14159274
 24  C= 1.99999995E-04
 25  C= 0.00000000
 26  C= 0.00000000
 27  C= 0.00000000
 28  C= 0.00000000
 29  C= 0.00000000
 30  C= 300.000000
 31  C= 1.00000000
 32  C= 0.00000000
 33  C= 0.00000000
 34  C= 0.00000000
 35  C= 0.00000000
 36  C= 333600.000
 37  C= 0.00000000
 38  C= 0.00000000
 39  C= 0.00000000
 40  C= 2.77777785E-04
 41  C= 6.00000000
 42  C= 1.15740741E-05
 43  C= 0.00000000
 44  C= 0.00000000
 45  C= 0.00000000
 46  C= 0.00000000
 47  C= 0.00000000
 48  C= 0.00000000
 49  C= 0.00000000
 50  C= 0.00000000
 51  C= 0.00000000
 52  C= 0.00000000
 53  C= 0.00000000
 54  C= 0.00000000
 55  C= 0.00000000
 56  C= 0.00000000
 57  C= 0.00000000
 58  C= 0.00000000
 59  C= 0.00000000
 60  C= 0.00000000
 61  C= 0.500000000
 62  C= 300.000000
 63  C= 0.00000000
 64  C= 100.000000
 65  C= 0.00000000
 66  C= 0.00000000
 67  C= 0.00000000
 68  C= 0.00000000
 69  C= 0.00000000
 70  C= 1.00000000
 71  C= 0.00000000
 72  C= 3600.00000
 73  C= 0.00000000
 74  C= 0.00000000
 75  C= 0.00000000
 76  C= 0.00000000
 77  C= 0.00000000
 78  C= 0.00000000
 79  C= 0.00000000
 80  C= 0.00000000
 1  IC= 432001
 2  IC= 0
 3  IC= 0
 4  IC= 0
 5  IC= 0
 6  IC= 0
 7  IC= 360
 8  IC= 360
 9  IC= 360
 10  IC= 0
 11  IC= 0
 12  IC= 0
 13  IC= 0
 14  IC= 3182073
 15  IC= 1
 16  IC= 10
 17  IC= 0
 18  IC= 1200
 19  IC= 432000
 20  IC= 0
 21  IC= 0
 22  IC= 0
 23  IC= 6
 24  IC= 0
 25  IC= 1
 26  IC= 30
 27  IC= 90
 28  IC= 0
 29  IC= 0
 30  IC= 0
 31  IC= 0
 32  IC= 0
 33  IC= 0
 34  IC= 0
 35  IC= 0
 36  IC= 0
 37  IC= 0
 38  IC= 0
 39  IC= 0
 40  IC= 0
 41  IC= 0
 42  IC= 0
 43  IC= 0
 44  IC= 360
 45  IC= 0
 46  IC= 0
 47  IC= 0
 48  IC= 0
 49  IC= 0
 50  IC= 0
 51  IC= 999999
 52  IC= 1
 53  IC= 999999
 54  IC= 999999
 55  IC= 999999
 56  IC= 999999
 57  IC= 999999
 58  IC= 999999
 59  IC= 999999
 60  IC= 999999
 1  LC= F
 2  LC= F
 3  LC= F
 4  LC= F
 5  LC= F
 6  LC= F
 7  LC= F
 8  LC= F
 9  LC= F
 10  LC= F
 11  LC= F
 12  LC= F
 13  LC= F
 14  LC= F
 15  LC= F
 16  LC= F
 17  LC= F
 18  LC= F
 19  LC= F
 20  LC= T
 21  LC= F
 22  LC= F
 23  LC= F
 24  LC= F
 25  LC= F
 26  LC= F
 27  LC= F
 28  LC= F
 29  LC= F
 30  LC= T
 31  LC= F
 32  LC= F
 33  LC= F
 34  LC= F
 35  LC= F
 36  LC= F
 37  LC= F
 38  LC= F
 39  LC= F
 40  LC= F
 ***************************************
 I.C.
 ***************************************
 K, ZZ(K),ZT(K),FNZ(K),FNT(K)
 =======================================
  1       0.000       0.000       5.800       5.800
  2     100.000      46.552       4.394       5.000
  3     227.586     160.345       3.537       3.919
  4     382.759     301.724       2.959       3.222
  5     565.517     470.690       2.544       2.736
  6     775.862     667.241       2.231       2.377
  7    1013.793     891.379       1.986       2.101
  8    1279.310    1143.103       1.790       1.883
  9    1572.414    1422.414       1.629       1.706
 10    1893.103    1729.310       1.495       1.559
 11    2241.379    2063.793       1.381       1.436
 12    2617.241    2425.862       1.283       1.330
 13    3020.690    2815.517       1.198       1.239
 14    3451.724    3232.759       1.124       1.160
 15    3910.345    3677.586       1.058       1.090
 16    4396.552    4150.000       1.000       1.028
 17    4910.345    4650.000       0.948       0.973
 18    5451.724    5177.586       0.901       0.924
 19    6020.689    5732.759       0.858       0.879
 20    6617.241    6315.517       0.819       0.838
 21    7241.379    6925.862       0.784       0.801
 22    7893.104    7563.793       0.751       0.767
 23    8572.414    8229.311       0.721       0.736
 24    9279.311    8922.414       0.694       0.707
 25   10013.793    9643.104       0.668       0.681
 26   10775.862   10391.379       0.644       0.656
 27   11565.518   11167.241       0.622       0.633
 28   12382.759   11970.689       0.602       0.612
 29   13227.586   12801.725       0.582       0.592
 30   14100.000   13660.345       0.564       0.573
 31   15000.000   14546.552       0.547       0.556
 32   15927.586   15460.345       0.531       0.539
 33   16882.758   16401.725       0.516       0.523
 34   17865.518   17370.689       0.502       0.509
 35   18875.861   18367.242       0.488       0.495
 36   19913.793   19391.379       0.475       0.482
 37   20979.311   20443.104       0.463       0.469
 38   22072.414   21522.414       0.452       0.457
 39   23193.104   22629.311       0.441       0.446
 40   24341.379   23763.793       0.430       0.435
 41   25517.242   24925.861       0.420       0.425
 42   26720.689   26115.518       0.411       0.415
 43   27951.725   27332.758       0.402       0.406
 44   29210.346   28577.586       0.393       0.397
 45   30496.551   29850.000       0.385       0.389
 46   31810.346   31150.000       0.377       0.381
 ============================================
 K, RHO(K),THBAR(K),PBAR(K),PIBAR(K),QVBAR(K)
 ============================================
  1       1.155     297.662   99470.000       0.998   0.155E-01
  2       1.151     297.685   98943.719       0.997   0.154E-01
  3       1.140     297.756   97665.703       0.993   0.151E-01
  4       1.127     297.896   96094.633       0.989   0.148E-01
  5       1.110     298.187   94241.586       0.983   0.142E-01
  6       1.091     298.731   92120.266       0.977   0.133E-01
  7       1.069     299.535   89747.148       0.970   0.124E-01
  8       1.043     300.554   87140.875       0.961   0.116E-01
  9       1.016     301.713   84321.461       0.952   0.108E-01
 10       0.986     303.013   81310.086       0.943   0.999E-02
 11       0.954     304.458   78129.094       0.932   0.918E-02
 12       0.920     306.050   74801.711       0.920   0.829E-02
 13       0.886     307.731   71351.578       0.908   0.740E-02
 14       0.849     309.522   67802.656       0.895   0.652E-02
 15       0.812     311.530   64179.941       0.881   0.572E-02
 16       0.773     313.738   60508.859       0.866   0.492E-02
 17       0.735     315.907   56812.879       0.851   0.404E-02
 18       0.695     318.203   53114.707       0.835   0.333E-02
 19       0.656     320.556   49436.918       0.818   0.255E-02
 20       0.617     322.906   45800.492       0.800   0.195E-02
 21       0.578     325.160   42224.688       0.782   0.137E-02
 22       0.540     327.295   38727.141       0.763   0.979E-03
 23       0.503     329.246   35324.109       0.743   0.686E-03
 24       0.466     331.101   32030.816       0.722   0.487E-03
 25       0.430     333.470   28864.428       0.701   0.294E-03
 26       0.393     337.189   25846.439       0.679   0.192E-03
 27       0.357     341.860   22996.406       0.657   0.989E-04
 28       0.322     346.386   20323.791       0.634   0.766E-04
 29       0.290     350.566   17830.822       0.611   0.000E+00
 30       0.260     354.595   15518.668       0.587   0.000E+00
 31       0.231     359.253   13390.246       0.563   0.000E+00
 32       0.202     366.195   11452.421       0.538   0.000E+00
 33       0.174     377.768    9716.057       0.514   0.000E+00
 34       0.147     396.587    8192.141       0.489   0.000E+00
 35       0.122     422.273    6881.501       0.465   0.000E+00
 36       0.100     454.937    5771.793       0.443   0.000E+00
 37       0.081     492.660    4841.287       0.421   0.000E+00
 38       0.066     533.716    4063.520       0.400   0.000E+00
 39       0.054     577.999    3413.512       0.381   0.000E+00
 40       0.044     625.803    2870.120       0.363   0.000E+00
 41       0.036     677.253    2415.653       0.345   0.000E+00
 42       0.029     732.753    2035.359       0.329   0.000E+00
 43       0.024     793.543    1717.145       0.313   0.000E+00
 44       0.020     863.927    1451.545       0.298   0.000E+00
 45       0.016     935.036    1229.561       0.285   0.000E+00
 46       0.013    1011.197    1043.256       0.271   0.000E+00
 ============================================
 K,UG(K),Q1LS(K),Q2LS(K)
 ============================================
  1       3.894       0.000   0.000E+00   0.000E+00
  2       3.894       0.000   0.000E+00   0.000E+00
  3       3.585       0.000   0.000E+00   0.000E+00
  4       3.205       0.000   0.000E+00   0.000E+00
  5       2.757       0.000   0.000E+00   0.000E+00
  6       2.243       0.000   0.000E+00   0.000E+00
  7       1.669       0.000   0.000E+00   0.000E+00
  8       1.038       0.000   0.000E+00   0.000E+00
  9       0.356       0.000   0.000E+00   0.000E+00
 10      -0.062       0.000   0.000E+00   0.000E+00
 11      -0.191       0.000   0.000E+00   0.000E+00
 12      -0.326       0.000   0.000E+00   0.000E+00
 13      -0.465       0.000   0.000E+00   0.000E+00
 14      -0.609       0.000   0.000E+00   0.000E+00
 15      -0.755       0.000   0.000E+00   0.000E+00
 16      -0.904       0.000   0.000E+00   0.000E+00
 17      -1.000       0.000   0.000E+00   0.000E+00
 18      -1.000       0.000   0.000E+00   0.000E+00
 19      -1.000       0.000   0.000E+00   0.000E+00
 20      -1.000       0.000   0.000E+00   0.000E+00
 21      -1.000       0.000   0.000E+00   0.000E+00
 22      -1.000       0.000   0.000E+00   0.000E+00
 23      -1.000       0.000   0.000E+00   0.000E+00
 24      -1.000       0.000   0.000E+00   0.000E+00
 25      -1.000       0.000   0.000E+00   0.000E+00
 26      -1.000       0.000   0.000E+00   0.000E+00
 27      -1.000       0.000   0.000E+00   0.000E+00
 28      -1.000       0.000   0.000E+00   0.000E+00
 29      -1.000       0.000   0.000E+00   0.000E+00
 30      -1.000       0.000   0.000E+00   0.000E+00
 31      -1.000       0.000   0.000E+00   0.000E+00
 32      -1.000       0.000   0.000E+00   0.000E+00
 33      -1.000       0.000   0.000E+00   0.000E+00
 34      -1.000       0.000   0.000E+00   0.000E+00
 35      -1.000       0.000   0.000E+00   0.000E+00
 36      -1.000       0.000   0.000E+00   0.000E+00
 37      -1.000       0.000   0.000E+00   0.000E+00
 38      -1.000       0.000   0.000E+00   0.000E+00
 39      -1.000       0.000   0.000E+00   0.000E+00
 40      -1.000       0.000   0.000E+00   0.000E+00
 41      -1.000       0.000   0.000E+00   0.000E+00
 42      -1.000       0.000   0.000E+00   0.000E+00
 43      -1.000       0.000   0.000E+00   0.000E+00
 44      -1.000       0.000   0.000E+00   0.000E+00
 45      -1.000       0.000   0.000E+00   0.000E+00
 46      -1.000       0.000   0.000E+00   0.000E+00
 ============================================
 K, RHOZ(K)
 ============================================
  1       1.155
  2       1.145
  3       1.133
  4       1.118
  5       1.101
  6       1.080
  7       1.056
  8       1.029
  9       1.000
 10       0.970
 11       0.937
 12       0.903
 13       0.867
 14       0.830
 15       0.792
 16       0.753
 17       0.714
 18       0.675
 19       0.636
 20       0.597
 21       0.559
 22       0.521
 23       0.484
 24       0.448
 25       0.411
 26       0.374
 27       0.339
 28       0.305
 29       0.274
 30       0.244
 31       0.216
 32       0.187
 33       0.160
 34       0.133
 35       0.110
 36       0.090
 37       0.073
 38       0.060
 39       0.049
 40       0.040
 41       0.032
 42       0.026
 43       0.022
 44       0.018
 45       0.015
